a00=-0.74698780106517149
a01=-0.74698780106517149
a02=-0.74698780106517149
a03=-0.74698780106517149
a10=2.3387246230570700
a11=2.3387246230570700
a12=2.3387246230570700
a13=2.3387246230570700
a20=-4.4404083231844647
a21=-4.4404083231844647
a22=-4.4404083231844647
a23=-4.4404083231844647
