a10=-0.74698780106517149
a11=-0.74698780106517149
a12=-0.74698780106517149
a13=-0.74698780106517149
a20=2.3387246230570700
a21=2.3387246230570700
a22=2.3387246230570700
a23=2.3387246230570700
a30=-4.4404083231844647
a31=-4.4404083231844647
a32=-4.4404083231844647
a33=-4.4404083231844647
