a00=-0.496988
a01=-0.246988
a02=-0.496988
a03=-0.746988
a10=2.38872
a11=1.93872
a12=3.28872
a13=2.33872
a20=-3.19041
a21=-4.14041
a22=-5.39041
a23=-4.44041
